$ANSIBLE_VAULT;1.1;AES256
39356363336432343039623966663935626563323030356130323332353431633032643966333132
3063313139663466353536636432363465613661353066660a656136613834633737306362343366
66613630303664353964363964616532646264326631353361663736623733306461386666333461
3562613664623461640a356430663934323665326261353338386631623932643061323731633837
39656134316161353065326465336564376537326263656462396562356461373765383534353435
31353566356239303535626536613962666266383261393661613031663439383531633061306162
35616261663761316631353235653535386432363738343439643537326365636263343534333935
36313831663031393964373432393332666632313333323630323066363338343766323835313261
34396362646663643638636266353232363539333366333232363963356333366638656539623231
34383032663164653736626362343430653161333563643536393265333039663130333365616665
65646633613337326234393737626230656435363334396638313438336264303862363339373733
64356530653232306263
